0 0.241053 0.396619 0.238947 0.624057 0.057895 0.639962 0.056842 0.398210
0 0.363158 0.409343 0.358947 0.598609 0.235789 0.617695 0.231579 0.396619
0 0.461053 0.409343 0.461053 0.587476 0.354737 0.593838 0.353684 0.402981
0 0.545263 0.412524 0.540000 0.571571 0.449474 0.581114 0.453684 0.407753
0 0.609474 0.417295 0.609474 0.550895 0.542105 0.573162 0.546316 0.414114
0 0.668421 0.418886 0.664211 0.550895 0.607368 0.552486 0.608421 0.414114 0.673684 0.423657 0.663158 0.422067
0 0.725263 0.426838 0.725263 0.547714 0.660000 0.550895 0.664211 0.417295
0 0.765263 0.425248 0.761053 0.534990 0.725263 0.538171 0.725263 0.423657
0 0.800000 0.428429 0.801053 0.538171 0.758947 0.534990 0.754737 0.426838
1 0.996918 0.427828 0.000000 0.378938 0.000000 0.655984 0.992296 0.511641
