0 0.233684 0.055394 0.221053 0.954439 0.235789 0.957249 0.241053 0.930558 0.398947 0.858916 0.394737 0.881392 0.411579 0.878582 0.424211 0.129846
0 0.546316 0.181822 0.531579 0.816773 0.520000 0.813963 0.518947 0.795701 0.411579 0.836439 0.416842 0.875773 0.398947 0.875773 0.409474 0.128442
0 0.624211 0.229584 0.614737 0.761987 0.603158 0.766202 0.603158 0.749344 0.533684 0.783059 0.532632 0.812559 0.523158 0.813963 0.535789 0.179013
0 0.690526 0.254870 0.685263 0.729678 0.671579 0.731083 0.671579 0.724059 0.618947 0.738106 0.615789 0.769011 0.609474 0.769011 0.620000 0.228179
0 0.744211 0.278751 0.733684 0.705797 0.727368 0.704392 0.727368 0.687535 0.686316 0.718440 0.686316 0.725464 0.676842 0.731083 0.683158 0.254870
0 0.787368 0.299822 0.773684 0.681916 0.767368 0.681916 0.767368 0.667869 0.737895 0.674892 0.736842 0.700178 0.727368 0.701583 0.737895 0.271727 0.786316 0.292798
0 0.815789 0.309655 0.809474 0.659440 0.801053 0.660845 0.801053 0.651011 0.776842 0.665059 0.775789 0.684726 0.771579 0.684726 0.776842 0.294203
0 0.850526 0.323703 0.841053 0.639773 0.837895 0.645392 0.834737 0.639773 0.809474 0.645392 0.808421 0.653821 0.807368 0.653821 0.807368 0.653821 0.809474 0.313870
0 0.881053 0.343370 0.876842 0.622916 0.897895 0.606059 0.903158 0.347584
1 0.926040 0.592532 0.226502 0.940042 0.238829 0.057902 0.927581 0.364286
