0 0.060000 0.208269 0.095789 0.423457 0.386316 0.440787 0.410526 0.192383
0 0.533684 0.138947 0.653684 0.166387 0.649474 0.502888 0.544211 0.355579
0 0.927368 0.162055 0.904211 0.381575 0.647368 0.494223 0.643158 0.169276
0 0.230526 0.690636 0.236842 0.858164 0.448421 0.956371 0.446316 0.653086
0 0.152632 0.705078 0.148421 0.827836 0.243158 0.863941 0.241053 0.686303
0 0.106316 0.709411 0.102105 0.798952 0.150526 0.822059 0.154737 0.702189
0 0.567368 0.742627 0.574737 0.976589 0.855789 0.930375 0.853684 0.719520
1 0.026194 0.204037 0.449923 0.191353 0.454545 0.445035 0.020031 0.413325
1 0.984592 0.165985 0.653313 0.172327 0.542373 0.130046 0.536210 0.345676 0.650231 0.495772 0.979969 0.354133
1 0.061633 0.719858 0.451464 0.645867 0.449923 0.956629 0.061633 0.781165
1 0.979969 0.709288 0.577812 0.738884 0.579353 0.971427 0.984592 0.905892
